10 10
6.89881 2.52751 8.42371 7.51594 2.01308 5.03718 4.61231 8.62086 6.42726 8.16029
3.79659 7.11573 4.39525 3.93382 2.98952 2.01877 3.63013 5.21394 2.41861 7.26272
4.92541 4.69110 8.66906 2.67032 2.65731 5.72553 3.13173 1.33032 2.07872 5.45159
8.67664 5.88126 1.74295 6.39597 7.00165 7.02393 8.02270 7.76044 8.16990 6.58369
1.00237 4.56854 4.53069 7.99795 1.08089 6.68346 2.62160 5.16096 3.86009 7.77645
3.82914 6.86582 4.76718 1.36712 6.23804 4.26123 1.43797 4.88233 3.39823 8.48752
2.97839 3.86871 2.06169 7.62504 3.92332 3.12411 5.22174 6.82932 1.61911 7.91982
8.79873 7.88322 6.15728 1.10718 6.39378 6.32276 4.16592 6.93198 5.12829 6.40515
6.96244 2.16323 3.45767 6.74063 3.05227 8.95307 1.37309 1.31602 1.85038 7.85797
6.11422 3.10830 7.95100 3.74738 5.66589 3.14114 3.87002 5.36039 1.35652 8.34847
